-43.145851
-41.655396
-40.487206
-39.557594
-38.750420
-38.287739
-38.130329
-37.633087
-36.420795
-35.812603
-35.345753
-34.578323
-34.468739
-33.770878
-33.544876
-33.241440
-32.684254
-32.498371
-31.868708
-31.626919
-30.588051
-30.475653
-30.258886
-29.831591
-29.626091
-28.786257
-28.486317
-28.015926
-27.633446
-27.031631
-26.386208
-26.108706
-25.966831
-25.709599
-25.439899
-25.280083
-24.602531
-24.173645
-24.015352
-23.540266
-23.356527
-23.344044
-22.941528
-22.640591
-22.500849
-21.915558
-21.755596
-21.220642
-21.178396
-20.944366
-20.637297
-20.371281
-20.159084
-19.920969
-19.680620
-19.407122
-19.040573
-18.833551
-18.609074
-18.268412
-17.941490
-17.611996
-17.474981
-17.438726
-16.699734
-16.615732
-16.120401
-16.040785
-15.878472
-15.568957
-15.271171
-15.202640
-14.679157
-14.373735
-14.050077
-13.871309
-13.662820
-13.307064
-13.195988
-13.120571
-12.911017
-12.711452
-12.583078
-12.532384
-12.258568
-12.024803
-11.834611
-11.815132
-11.572175
-11.491311
-11.241050
-10.993489
-10.702139
-10.258584
-9.797652
-9.597079
-9.280166
-9.059105
-9.018599
-8.899673
-8.712675
-8.567619
-8.486514
-8.319874
-8.083165
-7.864064
-7.594238
-7.406968
-7.265110
-7.034081
-6.949661
-6.649499
-6.559574
-6.470955
-6.368635
-6.176606
-6.096219
-5.885464
-5.854372
-5.625604
-5.578880
-5.201017
-5.088026
-4.776528
-4.578928
-4.394829
-4.208216
-4.030092
-3.896209
-3.372581
-3.083709
-2.997718
-2.844673
-2.618187
-2.460729
-2.313336
-2.063221
-2.010671
-1.841565
-1.669078
-1.579939
-1.436284
-1.129341
-0.969217
-0.742501
-0.651655
-0.568774
-0.328071
-0.169721
-0.020135
0.000000
0.000000
0.000000
0.000000
0.000000
0.000000
0.000000
0.000000
0.000000
0.000000
0.000000
0.000000
0.000000
0.060540
0.120796
0.304820
0.375169
0.439659
0.806609
0.909701
1.099044
1.186536
1.469349
1.615489
1.676576
1.985992
2.029834
2.093786
2.408303
2.463232
2.548774
2.867140
3.010810
3.213808
3.246550
3.692372
3.911714
4.322101
4.728540
4.951852
5.337848
5.717894
5.756948
5.944628
6.039897
6.154540
6.550648
6.895115
7.059717
7.113310
7.394579
7.426443
7.762740
7.940691
8.220670
8.259793
8.370166
8.871721
9.105204
9.696354
10.034950
10.143181
10.291891
10.560973
10.695633
10.738030
10.969944
11.338464
11.377043
11.603409
11.814579
11.939132
12.126383
12.242047
12.376756
12.441945
12.763260
13.022556
13.167747
13.290856
13.576199
13.950657
14.303996
14.716833
14.829535
14.965363
15.035003
15.170161
15.373970
15.942173
16.180393
16.267429
16.554472
16.591301
16.736212
16.826288
17.178782
17.379721
17.427864
17.711235
17.854996
18.023273
18.234211
18.394833
18.655880
18.788340
19.200518
19.372122
19.426050
19.675249
19.833717
19.998360
20.138073
20.234936
20.380495
20.489981
20.567341
20.598099
20.661512
20.744951
20.850864
20.955791
21.050156
21.122263
21.515085
21.539118
21.808615
21.824169
21.918243
22.027428
22.113163
22.174206
22.235775
22.485544
22.533794
22.836531
22.960653
23.071280
23.125364
23.311022
23.441574
23.486280
23.540255
23.634659
23.641792
23.669060
23.931849
24.117361
24.167152
24.205822
24.378904
24.383915
24.515345
24.769346
24.900682
24.964600
25.061020
25.218075
25.489548
25.603292
25.778267
25.902239
26.208883
26.416172
26.643162
26.859253
27.132988
27.339607
27.630041
28.208477
28.866335
29.216566
30.624081
